              precision    recall  f1-score   support

           0     0.7819    0.3554    0.4886      1483
           1     0.6667    0.3400    0.4503      1600
           2     0.1989    0.8929    0.3253      1186
           3     0.8342    0.2106    0.3363      1600
           4     0.6087    0.1330    0.2183       421
           5     0.7645    0.3713    0.4998      1600
           6     0.5538    0.8850    0.6813      1600
           7     0.7085    0.1975    0.3089      1600

    accuracy                         0.4372     11090
   macro avg     0.6396    0.4232    0.4136     11090
weighted avg     0.6579    0.4372    0.4369     11090
